[mounting]
delta_theta = [ 1.9044810765575515e-07, -0.495286148335538412, 0.247429647000354858, 0.247863358129732647, -4.82181846781122581e-07, -2.67551486243799985e-08]
dalta_a = [ 0.000131928654934906182, 0.0738757156894483957, 0.0177599557467351676, -2.33760427565390738e-05, 2.96808826909954242e-05, 0]
dalta_d = [ -0.000112857000192007062, -1060.38376411457648, 1036.0678440999518, 24.3161828472923496, -8.91889743204754559e-05, -0.00104983122687427044]
delta_alpha = [ -0.000215363284098879504, 0.000274498209487718161, 0.00576359822309697751, 0.000304014382381589954, 0.000501637205747584858, 0]
joint_checksum = [ 0xb6337777, 0xb64a5c13, 0xb53776bc, 0xb6138c51, 0xb62ba552, 0xb621e8e4]
calibration_status = 2 # 0 == notInitialized / 1 == notLinearised / 2 == Linearised
joint_raw_offset = [ 4.18602800369262695, 4.24519062042236328, 1.05429959297180176, 3.67241692543029785, 3.65831804275512695, 3.6624443531036377]
joint_selftest_data_crc = [ 0x75ad8386, 0x75c28379, 0x75608372, 0x75a88370, 0x75c18370, 0x75b78867]
file_save_count = 1