[mounting]
delta_theta = [ -1.30565669838322851e-08, -0.588159115180872494, 7.10949955973863901, -0.238165200723693349, -1.07362188606074938e-06, -2.93069160793579808e-07]
delta_a = [ 0.00018476643006531352, 0.0711540949987528037, 0.010821982777405037, -7.78445612723795073e-05, 3.66390856709752097e-05, 0]
delta_d = [ 0.000255399609815354367, -207.362134131258699, 220.009566418569648, -12.6472407036267196, 4.44834855784365102e-05, 5.03569516369511971e-05]
delta_alpha = [ -0.000158190453372508699, 0.00113799018245355158, 0.00732065515331056967, -0.000895020392787104768, 0.000581185017213048383, 0]
joint_checksum = [ 0xb021171a, 0xb00c8e15, 0x312807e0, 0xb0eef066, 0xb0ee2aec, 0xb0ed7b69]
calibration_status = 2 # 0 == notInitialized / 1 == notLinearised / 2 == Linearised
joint_raw_offset = [ 1.09834718704223633, 1.09416353702545166, -5.17278957366943359, 3.1162114143371582, 3.10415887832641602, 3.06218862533569336]
joint_selftest_data_crc = [ 0x70948076, 0x70808088, 0x70828062, 0x70a78064, 0x70a78062, 0x70a98083]
file_save_count = 1
